   6.5630  2.8470   5.68  32.50
   5.6040  2.9879  13.98  26.40
   6.1530  3.2797  13.15  29.60
   7.8310  3.1992   4.45  50.00
   6.7820  3.7886   6.68  32.00
   6.5560  4.5667   4.56  29.80
   7.1850  4.5667   5.39  34.90
   6.9510  6.4798   5.10  37.00
   6.7390  6.4798   4.69  30.50
   7.1780  6.4798   2.87  36.40
   6.8000  6.2196   5.03  31.10
   6.6040  6.2196   4.38  29.10
   7.8750  5.6484   2.97  50.00
   7.2870  7.3090   4.08  33.30
   7.1070  7.3090   8.61  30.30
   7.2740  7.3090   6.62  34.60
   6.9750  7.6534   4.56  34.90
   7.1350  7.6534   4.45  32.90
   6.1620  6.2700   7.43  24.10
   7.6100  6.2700   3.11  42.30
   7.8530  5.1180   3.81  48.50
   8.0340  5.1180   2.88  50.00
   5.8910  3.9454  10.87  22.60
   6.3260  4.3549  10.97  24.40
   5.7830  4.3549  18.06  22.50
   6.0640  4.2392  14.66  24.40
   5.3440  3.8750  23.09  20.00
   5.9600  3.8771  17.27  21.70
   5.4040  3.6650  23.98  19.30
   5.8070  3.6526  16.03  22.40
   6.3750  3.9454   9.38  28.10
   5.4120  3.5875  29.55  23.70
   6.1820  3.9454   9.47  25.00
   5.8880  3.1121  13.51  23.30
   6.6420  3.4211   9.69  28.70
   5.9510  2.8893  17.92  21.50
   6.3730  3.3633  10.50  23.00
   6.9510  2.8617   9.71  26.70
   6.1640  3.0480  21.46  21.70
   6.8790  3.2721   9.93  27.50
   6.6180  3.2721   7.60  30.10
   8.2660  2.8944   4.14  44.80
   8.7250  2.8944   4.63  50.00
   8.0400  3.2157   3.13  37.60
   7.1630  3.2157   6.36  31.60
   7.6860  3.3751   3.92  46.70
   6.5520  3.3751   3.76  31.50
   5.9810  3.6715  11.65  24.30
   7.4120  3.6715   5.25  31.70
   8.3370  3.8384   2.47  41.70
   8.2470  3.6519   3.95  48.30
   6.7260  3.6519   8.05  29.00
   6.0860  3.6519  10.88  24.00
   6.6310  4.1480   9.54  25.10
   7.3580  4.1480   4.73  31.50
   6.4810  6.1899   6.36  23.70
   6.6060  6.1899   7.37  23.30
   6.8970  6.3361  11.38  22.00
   6.0950  6.3361  12.40  20.10
   6.3580  7.0355  11.22  22.20
   6.3930  7.0355   5.19  23.70
   5.5930  7.9549  12.50  17.60
   5.6050  7.9549  18.46  18.50
   6.1080  8.0555   9.16  24.30
   6.2260  8.0555  10.15  20.50
   6.4330  7.8265   9.52  24.50
   6.7180  7.8265   6.56  26.20
   6.4870  7.3967   5.90  24.40
   6.4380  7.3967   3.59  24.80
   6.9570  8.9067   3.53  29.60
   8.2590  8.9067   3.54  42.80
   6.1080  9.2203   6.57  21.90
   5.8760  9.2203   9.25  20.90
   7.4540  6.3361   3.11  44.00
   8.7040  1.8010   5.12  50.00
   7.3330  1.8946   7.79  36.00
   6.8420  2.0107   6.90  30.10
   7.2030  2.1121   9.59  33.80
   7.5200  2.1398   7.26  43.10
   8.3980  2.2885   5.91  48.80
   7.3270  2.0788  11.25  31.00
   7.2060  1.9301   8.10  36.50
   5.5600  1.9865  10.45  22.80
   7.0140  2.1329  14.79  30.70
   8.2970  2.4216   7.44  50.00
   7.4700  2.8720   3.16  43.50
   5.9200  3.9175  13.65  20.70
   5.8560  4.4290  13.00  21.10
   6.2400  4.4290   6.59  25.20
   6.5380  3.9175   7.73  24.40
   7.6910  4.3665   6.58  35.20
   6.7580  4.0776   3.53  32.40
   6.8540  4.2673   2.98  32.00
   7.2670  4.7872   6.05  33.20
   6.8260  4.8628   4.16  33.10
   6.4820  4.1403   7.19  29.10
   6.8120  4.1007   4.85  35.10
   7.8200  4.6947   3.76  45.40
   6.9680  5.2447   4.59  35.40
   7.6450  5.2119   3.01  46.00
   7.9230  5.8850   3.16  50.00
   7.0880  7.3073   7.85  32.20
 